postion,page_no,archival_tiff,web_jpeg,thumbnail_jpeg
1,Front cover,master/9187_0000.tif,web/9187_0000_web.jpg,thumb/9187_0000_thumb.jpg
2,Inside front cover,master/9187_0001.tif,web/9187_0001_web.jpg,thumb/9187_0001_thumb.jpg
3,Flyleaf 1 recto,master/9187_0002.tif,web/9187_0002_web.jpg,thumb/9187_0002_thumb.jpg
4,Flyleaf 1 verso,master/9187_0003.tif,web/9187_0003_web.jpg,thumb/9187_0003_thumb.jpg
5,Flyleaf 2 recto,master/9187_0004.tif,web/9187_0004_web.jpg,thumb/9187_0004_thumb.jpg
6,Flyleaf 2 verso,master/9187_0005.tif,web/9187_0005_web.jpg,thumb/9187_0005_thumb.jpg
7,Flyleaf 3 recto,master/9187_0006.tif,web/9187_0006_web.jpg,thumb/9187_0006_thumb.jpg
8,Flyleaf 3 verso,master/9187_0007.tif,web/9187_0007_web.jpg,thumb/9187_0007_thumb.jpg
9,Flyleaf 4 recto,master/9187_0008.tif,web/9187_0008_web.jpg,thumb/9187_0008_thumb.jpg
10,Flyleaf 4 verso,master/9187_0009.tif,web/9187_0009_web.jpg,thumb/9187_0009_thumb.jpg
11,Flyleaf 5 recto,master/9187_0010.tif,web/9187_0010_web.jpg,thumb/9187_0010_thumb.jpg
12,Flyleaf 5 verso,master/9187_0011.tif,web/9187_0011_web.jpg,thumb/9187_0011_thumb.jpg
13,Flyleaf 6 recto,master/9187_0012.tif,web/9187_0012_web.jpg,thumb/9187_0012_thumb.jpg
14,Flyleaf 6 verso,master/9187_0013.tif,web/9187_0013_web.jpg,thumb/9187_0013_thumb.jpg
15,1r,master/9187_0014.tif,web/9187_0014_web.jpg,thumb/9187_0014_thumb.jpg
16,1v,master/9187_0015.tif,web/9187_0015_web.jpg,thumb/9187_0015_thumb.jpg
17,2r,master/9187_0016.tif,web/9187_0016_web.jpg,thumb/9187_0016_thumb.jpg
18,2v,master/9187_0017.tif,web/9187_0017_web.jpg,thumb/9187_0017_thumb.jpg
19,3r,master/9187_0018.tif,web/9187_0018_web.jpg,thumb/9187_0018_thumb.jpg
20,3v,master/9187_0019.tif,web/9187_0019_web.jpg,thumb/9187_0019_thumb.jpg
21,4r,master/9187_0020.tif,web/9187_0020_web.jpg,thumb/9187_0020_thumb.jpg
22,4v,master/9187_0021.tif,web/9187_0021_web.jpg,thumb/9187_0021_thumb.jpg
23,5r,master/9187_0022.tif,web/9187_0022_web.jpg,thumb/9187_0022_thumb.jpg
24,5v,master/9187_0023.tif,web/9187_0023_web.jpg,thumb/9187_0023_thumb.jpg
25,6r,master/9187_0024.tif,web/9187_0024_web.jpg,thumb/9187_0024_thumb.jpg
26,6v,master/9187_0025.tif,web/9187_0025_web.jpg,thumb/9187_0025_thumb.jpg
27,7r,master/9187_0026.tif,web/9187_0026_web.jpg,thumb/9187_0026_thumb.jpg
28,7v,master/9187_0027.tif,web/9187_0027_web.jpg,thumb/9187_0027_thumb.jpg
29,8r,master/9187_0028.tif,web/9187_0028_web.jpg,thumb/9187_0028_thumb.jpg
30,8v,master/9187_0029.tif,web/9187_0029_web.jpg,thumb/9187_0029_thumb.jpg
31,9r,master/9187_0030.tif,web/9187_0030_web.jpg,thumb/9187_0030_thumb.jpg
32,9v,master/9187_0031.tif,web/9187_0031_web.jpg,thumb/9187_0031_thumb.jpg
33,10r,master/9187_0032.tif,web/9187_0032_web.jpg,thumb/9187_0032_thumb.jpg
34,10v,master/9187_0033.tif,web/9187_0033_web.jpg,thumb/9187_0033_thumb.jpg
35,11r,master/9187_0034.tif,web/9187_0034_web.jpg,thumb/9187_0034_thumb.jpg
36,11v,master/9187_0035.tif,web/9187_0035_web.jpg,thumb/9187_0035_thumb.jpg
37,12r,master/9187_0036.tif,web/9187_0036_web.jpg,thumb/9187_0036_thumb.jpg
38,12v,master/9187_0037.tif,web/9187_0037_web.jpg,thumb/9187_0037_thumb.jpg
39,13r,master/9187_0038.tif,web/9187_0038_web.jpg,thumb/9187_0038_thumb.jpg
40,13v,master/9187_0039.tif,web/9187_0039_web.jpg,thumb/9187_0039_thumb.jpg
41,14r,master/9187_0040.tif,web/9187_0040_web.jpg,thumb/9187_0040_thumb.jpg
42,14v,master/9187_0041.tif,web/9187_0041_web.jpg,thumb/9187_0041_thumb.jpg
43,15r,master/9187_0042.tif,web/9187_0042_web.jpg,thumb/9187_0042_thumb.jpg
44,15v,master/9187_0043.tif,web/9187_0043_web.jpg,thumb/9187_0043_thumb.jpg
45,16r,master/9187_0044.tif,web/9187_0044_web.jpg,thumb/9187_0044_thumb.jpg
46,16v,master/9187_0045.tif,web/9187_0045_web.jpg,thumb/9187_0045_thumb.jpg
47,17r,master/9187_0046.tif,web/9187_0046_web.jpg,thumb/9187_0046_thumb.jpg
48,17v,master/9187_0047.tif,web/9187_0047_web.jpg,thumb/9187_0047_thumb.jpg
49,18r,master/9187_0048.tif,web/9187_0048_web.jpg,thumb/9187_0048_thumb.jpg
50,18v,master/9187_0049.tif,web/9187_0049_web.jpg,thumb/9187_0049_thumb.jpg
51,19r,master/9187_0050.tif,web/9187_0050_web.jpg,thumb/9187_0050_thumb.jpg
52,19v,master/9187_0051.tif,web/9187_0051_web.jpg,thumb/9187_0051_thumb.jpg
53,20r,master/9187_0052.tif,web/9187_0052_web.jpg,thumb/9187_0052_thumb.jpg
54,20v,master/9187_0053.tif,web/9187_0053_web.jpg,thumb/9187_0053_thumb.jpg
55,21r,master/9187_0054.tif,web/9187_0054_web.jpg,thumb/9187_0054_thumb.jpg
56,21v,master/9187_0055.tif,web/9187_0055_web.jpg,thumb/9187_0055_thumb.jpg
57,22r,master/9187_0056.tif,web/9187_0056_web.jpg,thumb/9187_0056_thumb.jpg
58,22v,master/9187_0057.tif,web/9187_0057_web.jpg,thumb/9187_0057_thumb.jpg
59,23r,master/9187_0058.tif,web/9187_0058_web.jpg,thumb/9187_0058_thumb.jpg
60,23v,master/9187_0059.tif,web/9187_0059_web.jpg,thumb/9187_0059_thumb.jpg
61,24r,master/9187_0060.tif,web/9187_0060_web.jpg,thumb/9187_0060_thumb.jpg
62,24v,master/9187_0061.tif,web/9187_0061_web.jpg,thumb/9187_0061_thumb.jpg
63,25r,master/9187_0062.tif,web/9187_0062_web.jpg,thumb/9187_0062_thumb.jpg
64,25v,master/9187_0063.tif,web/9187_0063_web.jpg,thumb/9187_0063_thumb.jpg
65,26r,master/9187_0064.tif,web/9187_0064_web.jpg,thumb/9187_0064_thumb.jpg
66,26v,master/9187_0065.tif,web/9187_0065_web.jpg,thumb/9187_0065_thumb.jpg
67,27r,master/9187_0066.tif,web/9187_0066_web.jpg,thumb/9187_0066_thumb.jpg
68,27v,master/9187_0067.tif,web/9187_0067_web.jpg,thumb/9187_0067_thumb.jpg
69,28r,master/9187_0068.tif,web/9187_0068_web.jpg,thumb/9187_0068_thumb.jpg
70,28v,master/9187_0069.tif,web/9187_0069_web.jpg,thumb/9187_0069_thumb.jpg
71,29r,master/9187_0070.tif,web/9187_0070_web.jpg,thumb/9187_0070_thumb.jpg
72,29v,master/9187_0071.tif,web/9187_0071_web.jpg,thumb/9187_0071_thumb.jpg
73,30r,master/9187_0072.tif,web/9187_0072_web.jpg,thumb/9187_0072_thumb.jpg
74,30v,master/9187_0073.tif,web/9187_0073_web.jpg,thumb/9187_0073_thumb.jpg
75,31r,master/9187_0074.tif,web/9187_0074_web.jpg,thumb/9187_0074_thumb.jpg
76,31v,master/9187_0075.tif,web/9187_0075_web.jpg,thumb/9187_0075_thumb.jpg
77,32r,master/9187_0076.tif,web/9187_0076_web.jpg,thumb/9187_0076_thumb.jpg
78,32v,master/9187_0077.tif,web/9187_0077_web.jpg,thumb/9187_0077_thumb.jpg
79,33r,master/9187_0078.tif,web/9187_0078_web.jpg,thumb/9187_0078_thumb.jpg
80,33v,master/9187_0079.tif,web/9187_0079_web.jpg,thumb/9187_0079_thumb.jpg
81,34r,master/9187_0080.tif,web/9187_0080_web.jpg,thumb/9187_0080_thumb.jpg
82,34v,master/9187_0081.tif,web/9187_0081_web.jpg,thumb/9187_0081_thumb.jpg
83,35r,master/9187_0082.tif,web/9187_0082_web.jpg,thumb/9187_0082_thumb.jpg
84,35v,master/9187_0083.tif,web/9187_0083_web.jpg,thumb/9187_0083_thumb.jpg
85,36r,master/9187_0084.tif,web/9187_0084_web.jpg,thumb/9187_0084_thumb.jpg
86,36v,master/9187_0085.tif,web/9187_0085_web.jpg,thumb/9187_0085_thumb.jpg
87,37r,master/9187_0086.tif,web/9187_0086_web.jpg,thumb/9187_0086_thumb.jpg
88,37v,master/9187_0087.tif,web/9187_0087_web.jpg,thumb/9187_0087_thumb.jpg
89,38r,master/9187_0088.tif,web/9187_0088_web.jpg,thumb/9187_0088_thumb.jpg
90,38v,master/9187_0089.tif,web/9187_0089_web.jpg,thumb/9187_0089_thumb.jpg
91,39r,master/9187_0090.tif,web/9187_0090_web.jpg,thumb/9187_0090_thumb.jpg
92,39v,master/9187_0091.tif,web/9187_0091_web.jpg,thumb/9187_0091_thumb.jpg
93,40r,master/9187_0092.tif,web/9187_0092_web.jpg,thumb/9187_0092_thumb.jpg
94,40v,master/9187_0093.tif,web/9187_0093_web.jpg,thumb/9187_0093_thumb.jpg
95,41r,master/9187_0094.tif,web/9187_0094_web.jpg,thumb/9187_0094_thumb.jpg
96,41v,master/9187_0095.tif,web/9187_0095_web.jpg,thumb/9187_0095_thumb.jpg
97,42r,master/9187_0096.tif,web/9187_0096_web.jpg,thumb/9187_0096_thumb.jpg
98,42v,master/9187_0097.tif,web/9187_0097_web.jpg,thumb/9187_0097_thumb.jpg
99,43r,master/9187_0098.tif,web/9187_0098_web.jpg,thumb/9187_0098_thumb.jpg
100,43v,master/9187_0099.tif,web/9187_0099_web.jpg,thumb/9187_0099_thumb.jpg
101,44r,master/9187_0100.tif,web/9187_0100_web.jpg,thumb/9187_0100_thumb.jpg
102,44v,master/9187_0101.tif,web/9187_0101_web.jpg,thumb/9187_0101_thumb.jpg
103,45r,master/9187_0102.tif,web/9187_0102_web.jpg,thumb/9187_0102_thumb.jpg
104,45v,master/9187_0103.tif,web/9187_0103_web.jpg,thumb/9187_0103_thumb.jpg
105,46r,master/9187_0104.tif,web/9187_0104_web.jpg,thumb/9187_0104_thumb.jpg
106,46v,master/9187_0105.tif,web/9187_0105_web.jpg,thumb/9187_0105_thumb.jpg
107,47r,master/9187_0106.tif,web/9187_0106_web.jpg,thumb/9187_0106_thumb.jpg
108,47v,master/9187_0107.tif,web/9187_0107_web.jpg,thumb/9187_0107_thumb.jpg
109,48r,master/9187_0108.tif,web/9187_0108_web.jpg,thumb/9187_0108_thumb.jpg
110,48v,master/9187_0109.tif,web/9187_0109_web.jpg,thumb/9187_0109_thumb.jpg
111,49r,master/9187_0110.tif,web/9187_0110_web.jpg,thumb/9187_0110_thumb.jpg
112,49v,master/9187_0111.tif,web/9187_0111_web.jpg,thumb/9187_0111_thumb.jpg
113,50r,master/9187_0112.tif,web/9187_0112_web.jpg,thumb/9187_0112_thumb.jpg
114,50v,master/9187_0113.tif,web/9187_0113_web.jpg,thumb/9187_0113_thumb.jpg
115,51r,master/9187_0114.tif,web/9187_0114_web.jpg,thumb/9187_0114_thumb.jpg
116,51v,master/9187_0115.tif,web/9187_0115_web.jpg,thumb/9187_0115_thumb.jpg
117,52r,master/9187_0116.tif,web/9187_0116_web.jpg,thumb/9187_0116_thumb.jpg
118,52v,master/9187_0117.tif,web/9187_0117_web.jpg,thumb/9187_0117_thumb.jpg
119,53r,master/9187_0118.tif,web/9187_0118_web.jpg,thumb/9187_0118_thumb.jpg
120,53v,master/9187_0119.tif,web/9187_0119_web.jpg,thumb/9187_0119_thumb.jpg
121,54r,master/9187_0120.tif,web/9187_0120_web.jpg,thumb/9187_0120_thumb.jpg
122,54v,master/9187_0121.tif,web/9187_0121_web.jpg,thumb/9187_0121_thumb.jpg
123,Insert 1 recto,master/9187_0122.tif,web/9187_0122_web.jpg,thumb/9187_0122_thumb.jpg
124,Insert 1 verso,master/9187_0123.tif,web/9187_0123_web.jpg,thumb/9187_0123_thumb.jpg
125,55r,master/9187_0124.tif,web/9187_0124_web.jpg,thumb/9187_0124_thumb.jpg
126,55v,master/9187_0125.tif,web/9187_0125_web.jpg,thumb/9187_0125_thumb.jpg
127,56r,master/9187_0126.tif,web/9187_0126_web.jpg,thumb/9187_0126_thumb.jpg
128,56v,master/9187_0127.tif,web/9187_0127_web.jpg,thumb/9187_0127_thumb.jpg
129,57r,master/9187_0128.tif,web/9187_0128_web.jpg,thumb/9187_0128_thumb.jpg
130,57v,master/9187_0129.tif,web/9187_0129_web.jpg,thumb/9187_0129_thumb.jpg
131,58r,master/9187_0130.tif,web/9187_0130_web.jpg,thumb/9187_0130_thumb.jpg
132,58v,master/9187_0131.tif,web/9187_0131_web.jpg,thumb/9187_0131_thumb.jpg
133,59r,master/9187_0132.tif,web/9187_0132_web.jpg,thumb/9187_0132_thumb.jpg
134,59v,master/9187_0133.tif,web/9187_0133_web.jpg,thumb/9187_0133_thumb.jpg
135,60r,master/9187_0134.tif,web/9187_0134_web.jpg,thumb/9187_0134_thumb.jpg
136,60v,master/9187_0135.tif,web/9187_0135_web.jpg,thumb/9187_0135_thumb.jpg
137,61r,master/9187_0136.tif,web/9187_0136_web.jpg,thumb/9187_0136_thumb.jpg
138,61v,master/9187_0137.tif,web/9187_0137_web.jpg,thumb/9187_0137_thumb.jpg
139,62r,master/9187_0138.tif,web/9187_0138_web.jpg,thumb/9187_0138_thumb.jpg
140,62v,master/9187_0139.tif,web/9187_0139_web.jpg,thumb/9187_0139_thumb.jpg
141,63r,master/9187_0140.tif,web/9187_0140_web.jpg,thumb/9187_0140_thumb.jpg
142,63v,master/9187_0141.tif,web/9187_0141_web.jpg,thumb/9187_0141_thumb.jpg
143,64r,master/9187_0142.tif,web/9187_0142_web.jpg,thumb/9187_0142_thumb.jpg
144,64v,master/9187_0143.tif,web/9187_0143_web.jpg,thumb/9187_0143_thumb.jpg
145,65r,master/9187_0144.tif,web/9187_0144_web.jpg,thumb/9187_0144_thumb.jpg
146,65v,master/9187_0145.tif,web/9187_0145_web.jpg,thumb/9187_0145_thumb.jpg
147,66r,master/9187_0146.tif,web/9187_0146_web.jpg,thumb/9187_0146_thumb.jpg
148,66v,master/9187_0147.tif,web/9187_0147_web.jpg,thumb/9187_0147_thumb.jpg
149,67r,master/9187_0148.tif,web/9187_0148_web.jpg,thumb/9187_0148_thumb.jpg
150,67v,master/9187_0149.tif,web/9187_0149_web.jpg,thumb/9187_0149_thumb.jpg
151,68r,master/9187_0150.tif,web/9187_0150_web.jpg,thumb/9187_0150_thumb.jpg
152,68v,master/9187_0151.tif,web/9187_0151_web.jpg,thumb/9187_0151_thumb.jpg
153,69r,master/9187_0152.tif,web/9187_0152_web.jpg,thumb/9187_0152_thumb.jpg
154,69v,master/9187_0153.tif,web/9187_0153_web.jpg,thumb/9187_0153_thumb.jpg
155,70r,master/9187_0154.tif,web/9187_0154_web.jpg,thumb/9187_0154_thumb.jpg
156,70v,master/9187_0155.tif,web/9187_0155_web.jpg,thumb/9187_0155_thumb.jpg
157,71r,master/9187_0156.tif,web/9187_0156_web.jpg,thumb/9187_0156_thumb.jpg
158,71v,master/9187_0157.tif,web/9187_0157_web.jpg,thumb/9187_0157_thumb.jpg
159,72r,master/9187_0158.tif,web/9187_0158_web.jpg,thumb/9187_0158_thumb.jpg
160,72v,master/9187_0159.tif,web/9187_0159_web.jpg,thumb/9187_0159_thumb.jpg
161,73r,master/9187_0160.tif,web/9187_0160_web.jpg,thumb/9187_0160_thumb.jpg
162,73v,master/9187_0161.tif,web/9187_0161_web.jpg,thumb/9187_0161_thumb.jpg
163,74r,master/9187_0162.tif,web/9187_0162_web.jpg,thumb/9187_0162_thumb.jpg
164,74v,master/9187_0163.tif,web/9187_0163_web.jpg,thumb/9187_0163_thumb.jpg
165,75r,master/9187_0164.tif,web/9187_0164_web.jpg,thumb/9187_0164_thumb.jpg
166,75v,master/9187_0165.tif,web/9187_0165_web.jpg,thumb/9187_0165_thumb.jpg
167,76r,master/9187_0166.tif,web/9187_0166_web.jpg,thumb/9187_0166_thumb.jpg
168,76v,master/9187_0167.tif,web/9187_0167_web.jpg,thumb/9187_0167_thumb.jpg
169,77r,master/9187_0168.tif,web/9187_0168_web.jpg,thumb/9187_0168_thumb.jpg
170,77v,master/9187_0169.tif,web/9187_0169_web.jpg,thumb/9187_0169_thumb.jpg
171,78r,master/9187_0170.tif,web/9187_0170_web.jpg,thumb/9187_0170_thumb.jpg
172,78v,master/9187_0171.tif,web/9187_0171_web.jpg,thumb/9187_0171_thumb.jpg
173,79r,master/9187_0172.tif,web/9187_0172_web.jpg,thumb/9187_0172_thumb.jpg
174,79v,master/9187_0173.tif,web/9187_0173_web.jpg,thumb/9187_0173_thumb.jpg
175,80r,master/9187_0174.tif,web/9187_0174_web.jpg,thumb/9187_0174_thumb.jpg
176,80v,master/9187_0175.tif,web/9187_0175_web.jpg,thumb/9187_0175_thumb.jpg
177,81r,master/9187_0176.tif,web/9187_0176_web.jpg,thumb/9187_0176_thumb.jpg
178,81v,master/9187_0177.tif,web/9187_0177_web.jpg,thumb/9187_0177_thumb.jpg
179,82r,master/9187_0178.tif,web/9187_0178_web.jpg,thumb/9187_0178_thumb.jpg
180,82v,master/9187_0179.tif,web/9187_0179_web.jpg,thumb/9187_0179_thumb.jpg
181,83r,master/9187_0180.tif,web/9187_0180_web.jpg,thumb/9187_0180_thumb.jpg
182,83v,master/9187_0181.tif,web/9187_0181_web.jpg,thumb/9187_0181_thumb.jpg
183,84r,master/9187_0182.tif,web/9187_0182_web.jpg,thumb/9187_0182_thumb.jpg
184,84v,master/9187_0183.tif,web/9187_0183_web.jpg,thumb/9187_0183_thumb.jpg
185,85r,master/9187_0184.tif,web/9187_0184_web.jpg,thumb/9187_0184_thumb.jpg
186,85v,master/9187_0185.tif,web/9187_0185_web.jpg,thumb/9187_0185_thumb.jpg
187,86r,master/9187_0186.tif,web/9187_0186_web.jpg,thumb/9187_0186_thumb.jpg
188,86v,master/9187_0187.tif,web/9187_0187_web.jpg,thumb/9187_0187_thumb.jpg
189,87r,master/9187_0188.tif,web/9187_0188_web.jpg,thumb/9187_0188_thumb.jpg
190,87v,master/9187_0189.tif,web/9187_0189_web.jpg,thumb/9187_0189_thumb.jpg
191,88r,master/9187_0190.tif,web/9187_0190_web.jpg,thumb/9187_0190_thumb.jpg
192,88v,master/9187_0191.tif,web/9187_0191_web.jpg,thumb/9187_0191_thumb.jpg
193,89r,master/9187_0192.tif,web/9187_0192_web.jpg,thumb/9187_0192_thumb.jpg
194,89v,master/9187_0193.tif,web/9187_0193_web.jpg,thumb/9187_0193_thumb.jpg
195,90r,master/9187_0194.tif,web/9187_0194_web.jpg,thumb/9187_0194_thumb.jpg
196,90v,master/9187_0195.tif,web/9187_0195_web.jpg,thumb/9187_0195_thumb.jpg
197,91r,master/9187_0196.tif,web/9187_0196_web.jpg,thumb/9187_0196_thumb.jpg
198,91v,master/9187_0197.tif,web/9187_0197_web.jpg,thumb/9187_0197_thumb.jpg
199,92r,master/9187_0198.tif,web/9187_0198_web.jpg,thumb/9187_0198_thumb.jpg
200,92v,master/9187_0199.tif,web/9187_0199_web.jpg,thumb/9187_0199_thumb.jpg
201,93r,master/9187_0200.tif,web/9187_0200_web.jpg,thumb/9187_0200_thumb.jpg
202,93v,master/9187_0201.tif,web/9187_0201_web.jpg,thumb/9187_0201_thumb.jpg
203,94r,master/9187_0202.tif,web/9187_0202_web.jpg,thumb/9187_0202_thumb.jpg
204,94v,master/9187_0203.tif,web/9187_0203_web.jpg,thumb/9187_0203_thumb.jpg
205,95r,master/9187_0204.tif,web/9187_0204_web.jpg,thumb/9187_0204_thumb.jpg
206,95v,master/9187_0205.tif,web/9187_0205_web.jpg,thumb/9187_0205_thumb.jpg
207,96r,master/9187_0206.tif,web/9187_0206_web.jpg,thumb/9187_0206_thumb.jpg
208,96v,master/9187_0207.tif,web/9187_0207_web.jpg,thumb/9187_0207_thumb.jpg
209,97r,master/9187_0208.tif,web/9187_0208_web.jpg,thumb/9187_0208_thumb.jpg
210,97v,master/9187_0209.tif,web/9187_0209_web.jpg,thumb/9187_0209_thumb.jpg
211,98r,master/9187_0210.tif,web/9187_0210_web.jpg,thumb/9187_0210_thumb.jpg
212,98v,master/9187_0211.tif,web/9187_0211_web.jpg,thumb/9187_0211_thumb.jpg
213,99r,master/9187_0212.tif,web/9187_0212_web.jpg,thumb/9187_0212_thumb.jpg
214,99v,master/9187_0213.tif,web/9187_0213_web.jpg,thumb/9187_0213_thumb.jpg
215,100r,master/9187_0214.tif,web/9187_0214_web.jpg,thumb/9187_0214_thumb.jpg
216,100v,master/9187_0215.tif,web/9187_0215_web.jpg,thumb/9187_0215_thumb.jpg
217,101r,master/9187_0216.tif,web/9187_0216_web.jpg,thumb/9187_0216_thumb.jpg
218,101v,master/9187_0217.tif,web/9187_0217_web.jpg,thumb/9187_0217_thumb.jpg
219,102r,master/9187_0218.tif,web/9187_0218_web.jpg,thumb/9187_0218_thumb.jpg
220,102v,master/9187_0219.tif,web/9187_0219_web.jpg,thumb/9187_0219_thumb.jpg
221,103r,master/9187_0220.tif,web/9187_0220_web.jpg,thumb/9187_0220_thumb.jpg
222,103v,master/9187_0221.tif,web/9187_0221_web.jpg,thumb/9187_0221_thumb.jpg
223,104r,master/9187_0222.tif,web/9187_0222_web.jpg,thumb/9187_0222_thumb.jpg
224,104v,master/9187_0223.tif,web/9187_0223_web.jpg,thumb/9187_0223_thumb.jpg
225,105r,master/9187_0224.tif,web/9187_0224_web.jpg,thumb/9187_0224_thumb.jpg
226,105v,master/9187_0225.tif,web/9187_0225_web.jpg,thumb/9187_0225_thumb.jpg
227,106r,master/9187_0226.tif,web/9187_0226_web.jpg,thumb/9187_0226_thumb.jpg
228,106v,master/9187_0227.tif,web/9187_0227_web.jpg,thumb/9187_0227_thumb.jpg
229,107r,master/9187_0228.tif,web/9187_0228_web.jpg,thumb/9187_0228_thumb.jpg
230,107v,master/9187_0229.tif,web/9187_0229_web.jpg,thumb/9187_0229_thumb.jpg
231,108r,master/9187_0230.tif,web/9187_0230_web.jpg,thumb/9187_0230_thumb.jpg
232,108v,master/9187_0231.tif,web/9187_0231_web.jpg,thumb/9187_0231_thumb.jpg
233,109r,master/9187_0232.tif,web/9187_0232_web.jpg,thumb/9187_0232_thumb.jpg
234,109v,master/9187_0233.tif,web/9187_0233_web.jpg,thumb/9187_0233_thumb.jpg
235,110r,master/9187_0234.tif,web/9187_0234_web.jpg,thumb/9187_0234_thumb.jpg
236,110v,master/9187_0235.tif,web/9187_0235_web.jpg,thumb/9187_0235_thumb.jpg
237,111r,master/9187_0236.tif,web/9187_0236_web.jpg,thumb/9187_0236_thumb.jpg
238,111v,master/9187_0237.tif,web/9187_0237_web.jpg,thumb/9187_0237_thumb.jpg
239,112r,master/9187_0238.tif,web/9187_0238_web.jpg,thumb/9187_0238_thumb.jpg
240,112v,master/9187_0239.tif,web/9187_0239_web.jpg,thumb/9187_0239_thumb.jpg
241,113r,master/9187_0240.tif,web/9187_0240_web.jpg,thumb/9187_0240_thumb.jpg
242,113v,master/9187_0241.tif,web/9187_0241_web.jpg,thumb/9187_0241_thumb.jpg
243,114r,master/9187_0242.tif,web/9187_0242_web.jpg,thumb/9187_0242_thumb.jpg
244,114v,master/9187_0243.tif,web/9187_0243_web.jpg,thumb/9187_0243_thumb.jpg
245,115r,master/9187_0244.tif,web/9187_0244_web.jpg,thumb/9187_0244_thumb.jpg
246,115v,master/9187_0245.tif,web/9187_0245_web.jpg,thumb/9187_0245_thumb.jpg
247,116r,master/9187_0246.tif,web/9187_0246_web.jpg,thumb/9187_0246_thumb.jpg
248,116v,master/9187_0247.tif,web/9187_0247_web.jpg,thumb/9187_0247_thumb.jpg
249,117r,master/9187_0248.tif,web/9187_0248_web.jpg,thumb/9187_0248_thumb.jpg
250,117v,master/9187_0249.tif,web/9187_0249_web.jpg,thumb/9187_0249_thumb.jpg
251,118r,master/9187_0250.tif,web/9187_0250_web.jpg,thumb/9187_0250_thumb.jpg
252,118v,master/9187_0251.tif,web/9187_0251_web.jpg,thumb/9187_0251_thumb.jpg
253,119r,master/9187_0252.tif,web/9187_0252_web.jpg,thumb/9187_0252_thumb.jpg
254,119v,master/9187_0253.tif,web/9187_0253_web.jpg,thumb/9187_0253_thumb.jpg
255,120r,master/9187_0254.tif,web/9187_0254_web.jpg,thumb/9187_0254_thumb.jpg
256,120v,master/9187_0255.tif,web/9187_0255_web.jpg,thumb/9187_0255_thumb.jpg
257,121r,master/9187_0256.tif,web/9187_0256_web.jpg,thumb/9187_0256_thumb.jpg
258,121v,master/9187_0257.tif,web/9187_0257_web.jpg,thumb/9187_0257_thumb.jpg
259,122r,master/9187_0258.tif,web/9187_0258_web.jpg,thumb/9187_0258_thumb.jpg
260,122v,master/9187_0259.tif,web/9187_0259_web.jpg,thumb/9187_0259_thumb.jpg
261,123r,master/9187_0260.tif,web/9187_0260_web.jpg,thumb/9187_0260_thumb.jpg
262,123v,master/9187_0261.tif,web/9187_0261_web.jpg,thumb/9187_0261_thumb.jpg
263,124r,master/9187_0262.tif,web/9187_0262_web.jpg,thumb/9187_0262_thumb.jpg
264,124v,master/9187_0263.tif,web/9187_0263_web.jpg,thumb/9187_0263_thumb.jpg
265,125r,master/9187_0264.tif,web/9187_0264_web.jpg,thumb/9187_0264_thumb.jpg
266,125v,master/9187_0265.tif,web/9187_0265_web.jpg,thumb/9187_0265_thumb.jpg
267,126r,master/9187_0266.tif,web/9187_0266_web.jpg,thumb/9187_0266_thumb.jpg
268,126v,master/9187_0267.tif,web/9187_0267_web.jpg,thumb/9187_0267_thumb.jpg
269,127r,master/9187_0268.tif,web/9187_0268_web.jpg,thumb/9187_0268_thumb.jpg
270,127v,master/9187_0269.tif,web/9187_0269_web.jpg,thumb/9187_0269_thumb.jpg
271,128r,master/9187_0270.tif,web/9187_0270_web.jpg,thumb/9187_0270_thumb.jpg
272,128v,master/9187_0271.tif,web/9187_0271_web.jpg,thumb/9187_0271_thumb.jpg
273,129r,master/9187_0272.tif,web/9187_0272_web.jpg,thumb/9187_0272_thumb.jpg
274,129v,master/9187_0273.tif,web/9187_0273_web.jpg,thumb/9187_0273_thumb.jpg
275,130r,master/9187_0274.tif,web/9187_0274_web.jpg,thumb/9187_0274_thumb.jpg
276,130v,master/9187_0275.tif,web/9187_0275_web.jpg,thumb/9187_0275_thumb.jpg
277,131r,master/9187_0276.tif,web/9187_0276_web.jpg,thumb/9187_0276_thumb.jpg
278,131v,master/9187_0277.tif,web/9187_0277_web.jpg,thumb/9187_0277_thumb.jpg
279,132r,master/9187_0278.tif,web/9187_0278_web.jpg,thumb/9187_0278_thumb.jpg
280,132v,master/9187_0279.tif,web/9187_0279_web.jpg,thumb/9187_0279_thumb.jpg
281,133r,master/9187_0280.tif,web/9187_0280_web.jpg,thumb/9187_0280_thumb.jpg
282,133v,master/9187_0281.tif,web/9187_0281_web.jpg,thumb/9187_0281_thumb.jpg
283,134r,master/9187_0282.tif,web/9187_0282_web.jpg,thumb/9187_0282_thumb.jpg
284,134v,master/9187_0283.tif,web/9187_0283_web.jpg,thumb/9187_0283_thumb.jpg
285,135r,master/9187_0284.tif,web/9187_0284_web.jpg,thumb/9187_0284_thumb.jpg
286,135v,master/9187_0285.tif,web/9187_0285_web.jpg,thumb/9187_0285_thumb.jpg
287,136r,master/9187_0286.tif,web/9187_0286_web.jpg,thumb/9187_0286_thumb.jpg
288,136v,master/9187_0287.tif,web/9187_0287_web.jpg,thumb/9187_0287_thumb.jpg
289,137r,master/9187_0288.tif,web/9187_0288_web.jpg,thumb/9187_0288_thumb.jpg
290,137v,master/9187_0289.tif,web/9187_0289_web.jpg,thumb/9187_0289_thumb.jpg
291,138r,master/9187_0290.tif,web/9187_0290_web.jpg,thumb/9187_0290_thumb.jpg
292,138v,master/9187_0291.tif,web/9187_0291_web.jpg,thumb/9187_0291_thumb.jpg
293,139r,master/9187_0292.tif,web/9187_0292_web.jpg,thumb/9187_0292_thumb.jpg
294,139v,master/9187_0293.tif,web/9187_0293_web.jpg,thumb/9187_0293_thumb.jpg
295,140r,master/9187_0294.tif,web/9187_0294_web.jpg,thumb/9187_0294_thumb.jpg
296,140v,master/9187_0295.tif,web/9187_0295_web.jpg,thumb/9187_0295_thumb.jpg
297,141r,master/9187_0296.tif,web/9187_0296_web.jpg,thumb/9187_0296_thumb.jpg
298,141v,master/9187_0297.tif,web/9187_0297_web.jpg,thumb/9187_0297_thumb.jpg
299,142r,master/9187_0298.tif,web/9187_0298_web.jpg,thumb/9187_0298_thumb.jpg
300,142v,master/9187_0299.tif,web/9187_0299_web.jpg,thumb/9187_0299_thumb.jpg
301,143r,master/9187_0300.tif,web/9187_0300_web.jpg,thumb/9187_0300_thumb.jpg
302,143v,master/9187_0301.tif,web/9187_0301_web.jpg,thumb/9187_0301_thumb.jpg
303,144r,master/9187_0302.tif,web/9187_0302_web.jpg,thumb/9187_0302_thumb.jpg
304,144v,master/9187_0303.tif,web/9187_0303_web.jpg,thumb/9187_0303_thumb.jpg
305,145r,master/9187_0304.tif,web/9187_0304_web.jpg,thumb/9187_0304_thumb.jpg
306,145v,master/9187_0305.tif,web/9187_0305_web.jpg,thumb/9187_0305_thumb.jpg
307,146r,master/9187_0306.tif,web/9187_0306_web.jpg,thumb/9187_0306_thumb.jpg
308,146v,master/9187_0307.tif,web/9187_0307_web.jpg,thumb/9187_0307_thumb.jpg
309,147r,master/9187_0308.tif,web/9187_0308_web.jpg,thumb/9187_0308_thumb.jpg
310,147v,master/9187_0309.tif,web/9187_0309_web.jpg,thumb/9187_0309_thumb.jpg
311,148r,master/9187_0310.tif,web/9187_0310_web.jpg,thumb/9187_0310_thumb.jpg
312,148v,master/9187_0311.tif,web/9187_0311_web.jpg,thumb/9187_0311_thumb.jpg
313,149r,master/9187_0312.tif,web/9187_0312_web.jpg,thumb/9187_0312_thumb.jpg
314,149v,master/9187_0313.tif,web/9187_0313_web.jpg,thumb/9187_0313_thumb.jpg
315,150r,master/9187_0314.tif,web/9187_0314_web.jpg,thumb/9187_0314_thumb.jpg
316,150v,master/9187_0315.tif,web/9187_0315_web.jpg,thumb/9187_0315_thumb.jpg
317,151r,master/9187_0316.tif,web/9187_0316_web.jpg,thumb/9187_0316_thumb.jpg
318,151v,master/9187_0317.tif,web/9187_0317_web.jpg,thumb/9187_0317_thumb.jpg
319,152r,master/9187_0318.tif,web/9187_0318_web.jpg,thumb/9187_0318_thumb.jpg
320,152v,master/9187_0319.tif,web/9187_0319_web.jpg,thumb/9187_0319_thumb.jpg
321,153r,master/9187_0320.tif,web/9187_0320_web.jpg,thumb/9187_0320_thumb.jpg
322,153v,master/9187_0321.tif,web/9187_0321_web.jpg,thumb/9187_0321_thumb.jpg
323,154r,master/9187_0322.tif,web/9187_0322_web.jpg,thumb/9187_0322_thumb.jpg
324,154v,master/9187_0323.tif,web/9187_0323_web.jpg,thumb/9187_0323_thumb.jpg
325,155r,master/9187_0324.tif,web/9187_0324_web.jpg,thumb/9187_0324_thumb.jpg
326,155v,master/9187_0325.tif,web/9187_0325_web.jpg,thumb/9187_0325_thumb.jpg
327,156r,master/9187_0326.tif,web/9187_0326_web.jpg,thumb/9187_0326_thumb.jpg
328,156v,master/9187_0327.tif,web/9187_0327_web.jpg,thumb/9187_0327_thumb.jpg
329,157r,master/9187_0328.tif,web/9187_0328_web.jpg,thumb/9187_0328_thumb.jpg
330,157v,master/9187_0329.tif,web/9187_0329_web.jpg,thumb/9187_0329_thumb.jpg
331,158r,master/9187_0330.tif,web/9187_0330_web.jpg,thumb/9187_0330_thumb.jpg
332,158v,master/9187_0331.tif,web/9187_0331_web.jpg,thumb/9187_0331_thumb.jpg
333,159r,master/9187_0332.tif,web/9187_0332_web.jpg,thumb/9187_0332_thumb.jpg
334,159v,master/9187_0333.tif,web/9187_0333_web.jpg,thumb/9187_0333_thumb.jpg
335,160r,master/9187_0334.tif,web/9187_0334_web.jpg,thumb/9187_0334_thumb.jpg
336,160v,master/9187_0335.tif,web/9187_0335_web.jpg,thumb/9187_0335_thumb.jpg
337,161r,master/9187_0336.tif,web/9187_0336_web.jpg,thumb/9187_0336_thumb.jpg
338,161v,master/9187_0337.tif,web/9187_0337_web.jpg,thumb/9187_0337_thumb.jpg
339,162r,master/9187_0338.tif,web/9187_0338_web.jpg,thumb/9187_0338_thumb.jpg
340,162v,master/9187_0339.tif,web/9187_0339_web.jpg,thumb/9187_0339_thumb.jpg
341,163r,master/9187_0340.tif,web/9187_0340_web.jpg,thumb/9187_0340_thumb.jpg
342,163v,master/9187_0341.tif,web/9187_0341_web.jpg,thumb/9187_0341_thumb.jpg
343,164r,master/9187_0342.tif,web/9187_0342_web.jpg,thumb/9187_0342_thumb.jpg
344,164v,master/9187_0343.tif,web/9187_0343_web.jpg,thumb/9187_0343_thumb.jpg
345,165r,master/9187_0344.tif,web/9187_0344_web.jpg,thumb/9187_0344_thumb.jpg
346,165v,master/9187_0345.tif,web/9187_0345_web.jpg,thumb/9187_0345_thumb.jpg
347,166r,master/9187_0346.tif,web/9187_0346_web.jpg,thumb/9187_0346_thumb.jpg
348,166v,master/9187_0347.tif,web/9187_0347_web.jpg,thumb/9187_0347_thumb.jpg
349,167r,master/9187_0348.tif,web/9187_0348_web.jpg,thumb/9187_0348_thumb.jpg
350,167v,master/9187_0349.tif,web/9187_0349_web.jpg,thumb/9187_0349_thumb.jpg
351,168r,master/9187_0350.tif,web/9187_0350_web.jpg,thumb/9187_0350_thumb.jpg
352,168v,master/9187_0351.tif,web/9187_0351_web.jpg,thumb/9187_0351_thumb.jpg
353,169r,master/9187_0352.tif,web/9187_0352_web.jpg,thumb/9187_0352_thumb.jpg
354,169v,master/9187_0353.tif,web/9187_0353_web.jpg,thumb/9187_0353_thumb.jpg
355,170r,master/9187_0354.tif,web/9187_0354_web.jpg,thumb/9187_0354_thumb.jpg
356,170v,master/9187_0355.tif,web/9187_0355_web.jpg,thumb/9187_0355_thumb.jpg
357,171r,master/9187_0356.tif,web/9187_0356_web.jpg,thumb/9187_0356_thumb.jpg
358,171v,master/9187_0357.tif,web/9187_0357_web.jpg,thumb/9187_0357_thumb.jpg
359,172r,master/9187_0358.tif,web/9187_0358_web.jpg,thumb/9187_0358_thumb.jpg
360,172v,master/9187_0359.tif,web/9187_0359_web.jpg,thumb/9187_0359_thumb.jpg
361,173r,master/9187_0360.tif,web/9187_0360_web.jpg,thumb/9187_0360_thumb.jpg
362,173v,master/9187_0361.tif,web/9187_0361_web.jpg,thumb/9187_0361_thumb.jpg
363,174r,master/9187_0362.tif,web/9187_0362_web.jpg,thumb/9187_0362_thumb.jpg
364,174v,master/9187_0363.tif,web/9187_0363_web.jpg,thumb/9187_0363_thumb.jpg
365,175r,master/9187_0364.tif,web/9187_0364_web.jpg,thumb/9187_0364_thumb.jpg
366,175v,master/9187_0365.tif,web/9187_0365_web.jpg,thumb/9187_0365_thumb.jpg
367,176r,master/9187_0366.tif,web/9187_0366_web.jpg,thumb/9187_0366_thumb.jpg
368,176v,master/9187_0367.tif,web/9187_0367_web.jpg,thumb/9187_0367_thumb.jpg
369,177r,master/9187_0368.tif,web/9187_0368_web.jpg,thumb/9187_0368_thumb.jpg
370,177v,master/9187_0369.tif,web/9187_0369_web.jpg,thumb/9187_0369_thumb.jpg
371,178r,master/9187_0370.tif,web/9187_0370_web.jpg,thumb/9187_0370_thumb.jpg
372,178v,master/9187_0371.tif,web/9187_0371_web.jpg,thumb/9187_0371_thumb.jpg
373,179r,master/9187_0372.tif,web/9187_0372_web.jpg,thumb/9187_0372_thumb.jpg
374,179v,master/9187_0373.tif,web/9187_0373_web.jpg,thumb/9187_0373_thumb.jpg
375,180r,master/9187_0374.tif,web/9187_0374_web.jpg,thumb/9187_0374_thumb.jpg
376,180v,master/9187_0375.tif,web/9187_0375_web.jpg,thumb/9187_0375_thumb.jpg
377,181r,master/9187_0376.tif,web/9187_0376_web.jpg,thumb/9187_0376_thumb.jpg
378,181v,master/9187_0377.tif,web/9187_0377_web.jpg,thumb/9187_0377_thumb.jpg
379,182r,master/9187_0378.tif,web/9187_0378_web.jpg,thumb/9187_0378_thumb.jpg
380,182v,master/9187_0379.tif,web/9187_0379_web.jpg,thumb/9187_0379_thumb.jpg
381,183r,master/9187_0380.tif,web/9187_0380_web.jpg,thumb/9187_0380_thumb.jpg
382,183v,master/9187_0381.tif,web/9187_0381_web.jpg,thumb/9187_0381_thumb.jpg
383,184r,master/9187_0382.tif,web/9187_0382_web.jpg,thumb/9187_0382_thumb.jpg
384,184v,master/9187_0383.tif,web/9187_0383_web.jpg,thumb/9187_0383_thumb.jpg
385,185r,master/9187_0384.tif,web/9187_0384_web.jpg,thumb/9187_0384_thumb.jpg
386,185v,master/9187_0385.tif,web/9187_0385_web.jpg,thumb/9187_0385_thumb.jpg
387,186r,master/9187_0386.tif,web/9187_0386_web.jpg,thumb/9187_0386_thumb.jpg
388,186v,master/9187_0387.tif,web/9187_0387_web.jpg,thumb/9187_0387_thumb.jpg
389,187r,master/9187_0388.tif,web/9187_0388_web.jpg,thumb/9187_0388_thumb.jpg
390,187v,master/9187_0389.tif,web/9187_0389_web.jpg,thumb/9187_0389_thumb.jpg
391,188r,master/9187_0390.tif,web/9187_0390_web.jpg,thumb/9187_0390_thumb.jpg
392,188v,master/9187_0391.tif,web/9187_0391_web.jpg,thumb/9187_0391_thumb.jpg
393,189r,master/9187_0392.tif,web/9187_0392_web.jpg,thumb/9187_0392_thumb.jpg
394,189v,master/9187_0393.tif,web/9187_0393_web.jpg,thumb/9187_0393_thumb.jpg
395,190r,master/9187_0394.tif,web/9187_0394_web.jpg,thumb/9187_0394_thumb.jpg
396,190v,master/9187_0395.tif,web/9187_0395_web.jpg,thumb/9187_0395_thumb.jpg
397,191r,master/9187_0396.tif,web/9187_0396_web.jpg,thumb/9187_0396_thumb.jpg
398,191v,master/9187_0397.tif,web/9187_0397_web.jpg,thumb/9187_0397_thumb.jpg
399,192r,master/9187_0398.tif,web/9187_0398_web.jpg,thumb/9187_0398_thumb.jpg
400,192v,master/9187_0399.tif,web/9187_0399_web.jpg,thumb/9187_0399_thumb.jpg
401,193r,master/9187_0400.tif,web/9187_0400_web.jpg,thumb/9187_0400_thumb.jpg
402,193v,master/9187_0401.tif,web/9187_0401_web.jpg,thumb/9187_0401_thumb.jpg
403,194r,master/9187_0402.tif,web/9187_0402_web.jpg,thumb/9187_0402_thumb.jpg
404,194v,master/9187_0403.tif,web/9187_0403_web.jpg,thumb/9187_0403_thumb.jpg
405,195r,master/9187_0404.tif,web/9187_0404_web.jpg,thumb/9187_0404_thumb.jpg
406,195v,master/9187_0405.tif,web/9187_0405_web.jpg,thumb/9187_0405_thumb.jpg
407,196r,master/9187_0406.tif,web/9187_0406_web.jpg,thumb/9187_0406_thumb.jpg
408,196v,master/9187_0407.tif,web/9187_0407_web.jpg,thumb/9187_0407_thumb.jpg
409,197r,master/9187_0408.tif,web/9187_0408_web.jpg,thumb/9187_0408_thumb.jpg
410,197v,master/9187_0409.tif,web/9187_0409_web.jpg,thumb/9187_0409_thumb.jpg
411,198r,master/9187_0410.tif,web/9187_0410_web.jpg,thumb/9187_0410_thumb.jpg
412,198v,master/9187_0411.tif,web/9187_0411_web.jpg,thumb/9187_0411_thumb.jpg
413,199r,master/9187_0412.tif,web/9187_0412_web.jpg,thumb/9187_0412_thumb.jpg
414,199v,master/9187_0413.tif,web/9187_0413_web.jpg,thumb/9187_0413_thumb.jpg
415,200r,master/9187_0414.tif,web/9187_0414_web.jpg,thumb/9187_0414_thumb.jpg
416,200v,master/9187_0415.tif,web/9187_0415_web.jpg,thumb/9187_0415_thumb.jpg
417,201r,master/9187_0416.tif,web/9187_0416_web.jpg,thumb/9187_0416_thumb.jpg
418,201v,master/9187_0417.tif,web/9187_0417_web.jpg,thumb/9187_0417_thumb.jpg
419,202r,master/9187_0418.tif,web/9187_0418_web.jpg,thumb/9187_0418_thumb.jpg
420,202v,master/9187_0419.tif,web/9187_0419_web.jpg,thumb/9187_0419_thumb.jpg
421,203r,master/9187_0420.tif,web/9187_0420_web.jpg,thumb/9187_0420_thumb.jpg
422,203v,master/9187_0421.tif,web/9187_0421_web.jpg,thumb/9187_0421_thumb.jpg
423,204r,master/9187_0422.tif,web/9187_0422_web.jpg,thumb/9187_0422_thumb.jpg
424,204v,master/9187_0423.tif,web/9187_0423_web.jpg,thumb/9187_0423_thumb.jpg
425,205r,master/9187_0424.tif,web/9187_0424_web.jpg,thumb/9187_0424_thumb.jpg
426,205v,master/9187_0425.tif,web/9187_0425_web.jpg,thumb/9187_0425_thumb.jpg
427,206r,master/9187_0426.tif,web/9187_0426_web.jpg,thumb/9187_0426_thumb.jpg
428,206v,master/9187_0427.tif,web/9187_0427_web.jpg,thumb/9187_0427_thumb.jpg
429,207r,master/9187_0428.tif,web/9187_0428_web.jpg,thumb/9187_0428_thumb.jpg
430,207v,master/9187_0429.tif,web/9187_0429_web.jpg,thumb/9187_0429_thumb.jpg
431,Flyleaf 1 recto,master/9187_0430.tif,web/9187_0430_web.jpg,thumb/9187_0430_thumb.jpg
432,Flyleaf 1 verso,master/9187_0431.tif,web/9187_0431_web.jpg,thumb/9187_0431_thumb.jpg
433,Flyleaf 2 recto,master/9187_0432.tif,web/9187_0432_web.jpg,thumb/9187_0432_thumb.jpg
434,Flyleaf 2 verso,master/9187_0433.tif,web/9187_0433_web.jpg,thumb/9187_0433_thumb.jpg
435,Flyleaf 3 recto,master/9187_0434.tif,web/9187_0434_web.jpg,thumb/9187_0434_thumb.jpg
436,Flyleaf 3 verso,master/9187_0435.tif,web/9187_0435_web.jpg,thumb/9187_0435_thumb.jpg
437,Inside back cover,master/9187_0436.tif,web/9187_0436_web.jpg,thumb/9187_0436_thumb.jpg
438,Back cover,master/9187_0437.tif,web/9187_0437_web.jpg,thumb/9187_0437_thumb.jpg
